31,31,8
0.124939
0.12525418716922
0.12616333903250376
0.12755478051106026
0.12923291213690732
0.1308568484223892
0.13248367560070623
0.13418367557426453
0.13595969919580897
0.13780243444679552
0.1397132888437777
0.14170044921894928
0.14376902720731322
0.14592325964428435
0.1481683350496632
0.15051035000000001
0.15295573411118482
0.15551149845358922
0.15818554826070935
0.16098598458670016
0.16392079343220167
0.16700055336591918
0.17024340020938453
0.17365827582868285
0.1772309542288675
0.1809680011377774
0.18505374507193428
0.18970548959602443
0.19394374598869699
0.1969242907172214
0.198
0.124939
0.12525418716922
0.12616333903250376
0.12755478051106026
0.12923291213690732
0.1308568484223892
0.13248367560070623
0.13418367557426453
0.13595969919580897
0.13780243444679552
0.1397132888437777
0.14170044921894928
0.14376902720731322
0.14592325964428435
0.1481683350496632
0.15051035000000001
0.15295573411118482
0.15551149845358922
0.15818554826070935
0.16098598458670016
0.16392079343220167
0.16700055336591918
0.17024340020938453
0.17365827582868285
0.1772309542288675
0.1809680011377774
0.18505374507193428
0.18970548959602443
0.19394374598869699
0.1969242907172214
0.198