  -1.0000000000000000     
 -0.97822653883853716     
 -0.92620601624310173     
 -0.87435362338541378     
 -0.82304493599143347     
 -0.77157272771808971     
 -0.72014315080855773     
 -0.66870206395270881     
 -0.61726405497452452     
 -0.56582522083543640     
 -0.51438660776553335     
 -0.46294793545802199     
 -0.41150927902301487     
 -0.36007061833497117     
 -0.30863195878652439     
 -0.25719329893272347     
 -0.20575463916074183     
 -0.15431597936683733     
 -0.10287731957880500     
  -5.1438659789206760E-002
  -7.2529771391550100E-018
   5.1438659789206746E-002
  0.10287731957880498     
  0.15431597936683733     
  0.20575463916074183     
  0.25719329893272347     
  0.30863195878652439     
  0.36007061833497117     
  0.41150927902301487     
  0.46294793545802199     
  0.51438660776553335     
  0.56582522083543640     
  0.61726405497452452     
  0.66870206395270881     
  0.72014315080855773     
  0.77157272771808971     
  0.82304493599143347     
  0.87435362338541378     
  0.92620601624310173     
  0.97822653883853716     
   1.0000000000000000     
